10027979
10103190
10223929
10428935
10471553
10508034
10512710
10590273
10639355
10799008
10898684
10986233
11083638
11102350
11120988
11157898
11158736
11266291
11283069
11302820
11451695
11451702
11502507
11698379
11796355
 11850260
11850260
12121955
12183233
12183262
12234856
12373497
12384339
12402084
12409384
12435720
12493783
12493797
12519196
12523629
12523636
12529019
12533487
12534469
12654733
12705680
12727072
12812718
12936981
1330820
14506034
14510643
14526032
14576119
14679195
14718091
14985271
15056435
15081418
15105137
15153158
15215081
15216466
1522070
15282231
15328088
15387820
15388468
15616307
15673729
1569089
15848289
15848290
15917569
16162665
16189114
16251318
16269538
1656869
16713726
16769192
17509804
17923494
18031331
18212098
18305127
18480338
1850092
18500921
1850970
1850972
18541727
18544599
18716806
18761689
19104017
19121669
19140738
19218407
19289529
19325877
19332669
19364867
19383727
193837278
19528270
19663916
19818865
20071153
20194693
20226332
20370506
20407243
20511367
20585125
20606072
20638608
20660684
20704258
20855724
20855746
20921306
21135211
21149619
21149625
2138078
21393177
21497062
21514798
21569422
21646482
21653764
2168148
2174869
21856834
21933917
21968359
21996946
21998414
22032541
22106224
22282462
22321998
22361457
22491688
22508299
22633335
22644028
22821356
22878251
22908175
23045355
23183436
23274661
23433244
23459479
23587946
23587960
23643392
23812239
23836170
23887866
23997018
24159468
24247145
24349887
24393536
24408987
24412662
2447957
24501024
24867982
24914122
24982323
24994873
25022583
25150146
25153194
25182487
25182648
25182649
25193085
25245001
25264127
25385117
25450797
2550546
25505462
25631675
25634992
25691646
25733503
25769786
26357666
26552976
26683630
26729493
26793179
26933021
27067316
27139485
27175500
27191712
27219271
27221661
27247231
27381389
27432602
27559761
27572404
27577999
27600049
27620866
27630841
27638945
27690121
27736752
27842877
27896141
28072422
28115347
28264855
28273168
28373193
28392440
28400528
28507116
28533243
28598203
28630206
28717172
28739787
28874377
29061754
29091182
29127051
29133559
29250039
29307840
29326662
29360990
29394337
29437613
29530852
29547094
29681898
29914952
30061868
30087172
30189050
3020376
30247587
30268919
30445211
3050121
30519062
3054810
30621024
30664925
30804676
30863844
30863849
30875398
30917979
31040249
31355848
31513705
31570397
31633764
31685471
31694895
31730160
 31730615
31730615
31794931
31860667
31988095
31996443
32011233
32071060
32408565
32582088
32660986
32712659
32764996
32807239
32988825
33097713
33285499
33321688
33353175
33775602
33875431
33877914
33945454
34013864
34060900
34060914
34151961
34248872
34460299
34551677
34568905
34609499
34694881
34860151
35086435
35184552
35311521
35638817
35678576
35704614
35766499
35816554
35920875
36036505
36305334
36735316
36864015
36918743
36935372
37125917
37195180
37287125
37345941
37352110
37358443
37695298
37823665
37877547
37961251
3886627
6330677
7492118
7574532
7590165
7642493
7695289
7773394
7830580
7840592
7885842
8092823
8127669
8383113
8384814
8392306
8524852
8540700
8834907
8849216
8849244
8851598
8891148
8913454
8980760
8980775
9054967
9449266
9449271
9511037
9527801
9593127
9593159
9661007
9756760
9756773
