
10027979
10049269
10077836
10103179
10103189
10103190
10103196
10103201
10103210
10103213
10188279
10209740
10220896
10223929
10223953
10223957
10339826
10339831
10348045
10348751
10348753
10361706
10368136
10390207
10390216
10428914
10428935
10441119
10447892
10471558
10471563
10474188
10479146
1048253
104975
10508008
10512710
10515918
10517588
10543745
10543801
10564477
10582889
10582907
10590273
10602714
10602747
10602749
1063935
10639355
10639362
10639372
10639377
10639379
10673049
10673425
10681329
10681342
10681352
10681357
10689171
10722487
10722489
10722503
10722515
10722518
10722565
10732668
10770756
10770767
10770768
10799008
10816474
10817689
10817691
10817695
10817699
108177
10817708
10817710
10817725
1081773
10817740
10834969
10835012
10846226
10852890
10858348
10858352
10858358
10858363
10898670
10898672
10898684
10898703
10908116
10913704
10952563
10952567
10952583
10952610
10952615
10952626
10970359
10986233
10990262
10991849
1099185
10991873
10991878
11023445
11036018
11036019
11036023
11036038
11036041
11036060
11055933
11062187
1107329
11078655
11083656
11101601
11102350
11102404
11114922
11120950
11120975
11120985
11120988
11157909
11158734
11158736
11158739
11158753
11158758
11158766
11179643
11179650
11181348
11181374
11184231
11207718
11230937
11244082
11251828
11257023
11257029
11257042
11257046
11266422
11269234
11302791
11302793
11302820
11310803
11353602
11375658
11376048
11384532
11395460
11398110
11408212
11408239
11418146
11451678
11451684
11451687
11451692
11451693
11451695
11451699
11451702
11451705
11470367
11502506
11502507
11502518
11502535
11524166
11553538
11557456
11557480
11557494
11557499
11557503
11557504
1157715
11580839
11591134
11600347
11600376
11600385
11600392
11600397
11677609
11679551
11679562
11679669
11699598
11709308
11709332
11709346
11709362
11735367
1173537
11751136
11751137
11751148
11796380
11807680
11815567
11815584
1185024
11850241
11850242
11850260
11850290
11864963
11864966
11897576
11897587
11897589
11943863
11952913
11959543
11959544
11959547
11959557
11959558
11959575
11959586
11959596
11972706
12000953
12002644
12007800
12019096
12019109
12019119
12019125
12019129
12019142
12029035
12029529
12039894
12044378
12067380
12069969
12069985
1212191
12121911
12121914
12121947
12121950
12121955
12127496
12151232
12177341
12183230
12183233
12183252
12183262
12205055
12234834
12234838
12234847
12234848
12234856
12270819
12356787
12383729
12384339
12384342
1238435
12384364
12384365
12384372
12384377
1238438
12384395
12393197
12407124
12435718
12435720
12493783
12493797
12493806
12493817
12499162
12499163
12499201
12499211
12523622
12523629
12529019
12533454
12533457
12533487
12534469
12543680
12543688
12543694
12562690
12595452
12603745
12604530
12604565
12615874
12615876
12624025
12627869
12654286
1265429
12654659
12654668
12654685
1265473
12654733
12654734
12657052
12682136
12682174
1269394
12697645
1270568
12709317
12709319
12709326
12709352
12716781
12721629
12726767
12726770
12727072
12746371
12760885
12760886
127609
12761097
12775683
12807183
12820795
12821450
12821484
12837741
12839756
12839793
12878520
12878521
12878539
12888597
12936985
12936986
12937006
12937007
12950922
12951335
12957921
12969288
1314803
1323953
1325061
1328814
1329636
1330820
1331747
1334268
1339256
1339319
1354954
1376392
1406276
1406372
1416873
1416892
1444303
1447159
14500476
14506008
14506010
14506034
1451064
14510643
14526032
14563857
14576109
14576111
14597008
14602910
14605159
14613945
14617152
14617162
14638498
14638506
14667745
14679195
14693513
14693532
14693555
14693560
14693565
14702298
14706091
14711528
14711653
14718091
14728687
14742200
14742218
14742219
14742222
14766881
1479961
1489203
1490918
1495394
14985634
15004037
15019728
15047515
15047521
15047547
15047554
15078520
1508047
15081418
15095209
1510403
1510410
15105100
15105119
15105137
15117923
15117957
15135524
15145503
15150221
15155185
15155196
15155197
15155202
15155242
15155245
15155248
15183862
15184185
15190017
15201232
15205444
15213324
15215087
15228527
15231768
15231771
15242512
15243036
15251195
15272191
15273099
15273143
15276215
15282231
15282240
15297528
15308604
15328088
15364979
15380255
15383166
15387820
15388431
15388464
15388476
15388479
1540134
15451111
15467720
15470128
15471995
15472005
15504832
15504844
15504851
15504875
15504885
1551598
15519474
15528656
15528701
15557644
15561821
15561840
15561846
15561847
15561856
15561858
1556186
15561863
15561870
15561881
15563518
15590712
15608208
15616272
15616278
15616297
15616323
15616342
15625322
15649299
15650379
15673721
15673729
15673739
15673773
1569089
15695687
15699201
15715715
15722395
15728891
15728925
15728943
15728946
1572895
15731199
15731203
15736704
15743901
15750057
15752444
15760431
15761062
15761066
15761075
15772146
15774883
15774886
15793131
15793140
15793141
15793160
15827636
15837373
15837385
15848226
15848289
15849260
1585548
15855508
15855509
15855519
15855521
1585554
15855544
15857942
15910229
15914491
15917546
15917560
15917562
15917569
15917575
1592819
15941775
1594446
15968049
15980329
15980341
15980372
15980396
15980402
15980410
15984838
15995187
16020539
16042375
16046466
16048938
16048960
16048974
16048978
16048979
16048994
16082008
16091044
16113259
16120476
1612454
16127047
16127048
1612706
16127079
16162665
16189095
16189102
16189109
16189114
16189118
16189133
16201926
16216104
1622166
16237012
16244084
16251281
16251286
16251316
16251318
16251320
16251326
16258246
16267300
16267305
16269538
16291869
16304164
16304190
16304191
16304199
16331988
16333139
16338949
16339607
16377684
16377710
16436707
16436717
16436718
16436729
16436745
1644314
16445758
16451182
16451415
16476725
1648560
16495246
16495270
1649572
16506694
1650733
1650734
16510850
16512902
16517273
16531430
16533535
16553723
16553832
16553870
16563703
16565156
16565159
1656869
16569827
16569848
16569863
165843
16584308
16585655
1659306
1659308
16626740
1662753
1662755
16630258
1663923
1664906
1665171
16670108
16675700
16677302
16678922
16697557
16716570
16723554
16723588
16723604
16723605
16735436
1676919
16769193
16785225
16785718
1678572
16788202
16790747
16801418
1680143
16801431
16801432
16801449
1680145
16804843
16816399
16816400
16820486
16842566
16844350
16870752
16870757
16870788
16870791
16879949
16911867
16936047
16938422
16940062
16940125
16940137
16948925
16949257
16952941
16954315
16958846
16961639
16966396
16980697
16980698
16982792
17000737
17005735
17005837
17005839
17005845
17015629
17021204
17030911
17037256
17060340
17088477
17101677
17110393
17116662
1713206
1713259
17145796
17158944
17178791
17178800
17210666
17210774
17213187
17220412
17224413
17227703
17233727
17234386
17261525
1726153
17283193
17283625
17284537
17284538
1728454
17288792
1729175
17293368
17298366
1730292
17302923
17307981
17308196
17325216
17325218
17329268
17342058
17368003
17375195
1737687
17376874
17379729
17382521
17391399
17395262
17403673
17403709
17407578
17409524
17419185
1741919
17420213
17438050
17438055
17442542
17449211
17470648
17470660
17485180
17509804
17526756
17536925
17548490
17548499
17559406
17561500
17561568
17567049
17587551
17597002
17610600
1761231
17634312
17650961
17664321
1768148
17698627
17709463
17720829
17724150
17724156
17804424
17827139
17846127
17850339
17875999
17881631
17881870
17890420
17913434
17913715
17913717
17917272
17938180
17938181
17938184
17951380
17967912
17986343
18025117
18029415
18031331
1804017
1804019
1804759
18048924
18054206
18065410
18077141
18086833
18086844
1809836
18160520
18190566
18190962
18195058
18195064
18207348
18212097
18212108
18212109
18217551
18227084
18245789
18268088
18287296
18292096
18299404
18299416
18305127
18310036
18316518
18341294
18347108
18362192
18362195
18367570
1839104
18413319
18419807
18426894
18440636
18458126
18458129
1846135
18476779
18480338
1848034
18487232
1850092
18500921
1850970
1850972
18516288
18519714
18519717
18539327
18541727
18544599
18550213
18550679
1856163
18563261
18566158
18571383
18571903
18587684
18591275
18598639
18603686
18614524
18619820
1861992
18620848
18625772
18644957
18644958
1864505
18653970
18663019
18665214
18676889
18694786
18701452
18708504
18710912
18719182
18725444
18725449
18753343
18761689
18765689
18765691
18772941
18775649
18779355
18781358
18789849
18794381
18804966
18809935
18812424
18819973
18838584
18843302
18843996
18952616
18955517
18955524
18957398
18971216
18984647
18990526
18993034
19008256
19015330
19015357
19017271
19020065
19029320
19029321
19029325
19029333
19036932
19049645
19055690
19056747
19057150
1905805
19074389
19075050
19075060
19075063
19095681
1910014
19104017
19104021
19107398
19114677
19121669
19128913
19131424
19139283
19140738
19146537
19164147
1916415
19168656
19171799
19172061
1917836
19201742
19201794
19216682
19218407
1921972
19223304
19229487
19243438
19258262
19258263
19258272
19258279
19270313
19272757
19273676
19273683
1929326
19294528
19297379
19325877
19343954
19349516
19364865
19364867
19365688
19369255
19380596
19388830
19392890
19394202
19414570
19414574
19414578
1941991
19427174
19429759
19451292
19459951
19459958
19470508
19475445
19523051
19528270
19528276
19535342
19538087
19560485
19567349
19573249
19574412
19587301
19590148
19603075
19620330
19627991
1963292
1963529
19651915
19663916
19675025
19684139
19686278
19687234
19687235
19703723
19704128
19713526
19719593
19721065
19728777
19729458
19738007
1973801
19748232
19748435
19770275
19770278
19770279
19785534
19805210
19805556
19818865
19833470
19837797
19876617
19881526
19884377
19884378
19884381
19901091
19901092
19917745
19917750
19921331
19927355
19933042
19933793
19938877
19948800
19995930
20008045
20027306
20038618
200386180
20065056
20071153
20110384
20124004
20129969
2013403
2013410
20138476
20138478
20145085
20169085
20185552
20194115
20194693
20211895
20226332
20236427
20305272
20308383
20334553
20339022
20368404
20368407
20382725
20387903
2039197
20399039
20404116
20421403
20421404
20453147
20462724
20463166
20479200
2048245
20493903
20498309
20511367
20511369
20513702
20516288
20519356
20525827
20543056
20546576
20547808
20558469
20566419
20571954
20573661
20576750
20585117
20585125
20585456
20606072
2060791
20638608
20660684
20667473
20667885
20679504
20682255
2069376
20704258
20713667
20713680
20713681
2073111
2073121
20733041
20735174
2080539
20805394
2083358
20837764
20855724
20855745
2086215
20876371
20876620
2088203
20884158
20921306
20954009
20956594
20961909
21034262
21035968
21037008
21041501
21057017
21060106
21075469
21078935
21078949
2110657
21108814
21115784
21117966
21135211
21145184
21149619
21149627
21173183
21183688
21192875
2121093
21235404
21239566
21245447
21273480
21282438
21282448
21289143
21295446
21304534
21317317
21343457
21359845
2135985
21371137
2138078
21383087
21383920
21388298
21392044
21393132
21393175
21393370
21402845
21402851
21402855
21406433
21415202
21422200
21422209
21422220
21427107
21444697
21497041
2149706
21497062
21514798
21518835
21521413
21537009
21539624
21549571
21555768
21590745
21595797
21595893
21602328
21627486
2163525
21636525
21641281
21646482
21653764
21665906
2166591
21670192
2167474
2168148
21683552
21690276
21707466
21709086
21722254
21752977
21764945
21768505
21768510
21788456
21788458
21788473
21807981
21811611
21812718
21816942
21816943
21820820
21820821
21830908
21831604
2184088
21844311
21856108
21859815
21862476
21873033
21876057
21876060
21903826
21911565
21925811
21930573
21930874
21933917
21940649
21947397
21968359
21968364
21968366
21996946
21998414
22001175
22005997
2201253
22024339
22038960
22083470
22083476
22083478
22096043
2210622
22106224
22127350
22128805
22143810
22146011
2215583
22155830
2221867
22247491
22252797
22252810
22252811
22268495
22271862
2227449
22290940
22290946
22290947
22290960
22290962
22290979
22303981
22314536
22321998
22322349
22325120
22325121
2233091
2233255
22361457
22374956
22375071
22391550
22397509
22407683
22422849
2244224
22446310
22450979
22450980
22452315
22470007
22486636
22491692
22507248
22508298
22508299
22511964
22526013
225263
22526300
22537112
22547620
22547628
22633451
22644028
22645287
22660700
22668859
2268278
22697133
22718530
22718774
22723288
22731858
22733067
22736746
22740659
22752166
22802246
22809702
22821356
22842601
22843833
22845331
22845886
22850691
22850693
22871227
22888274
22890194
22899804
22908150
2290816
22908175
22941900
22944724
22956023
22964247
22972816
22985886
22999884
23006757
2301472
23034125
23034714
23045355
23050014
23056610
23070167
23070171
23071100
23089049
23090395
23093031
23098826
23110226
2311476
23114762
23114766
23114767
23114770
23117265
23127481
23129050
23180481
23183436
23210906
23221628
23221802
23240563
23264451
23274660
23274661
23284886
23292102
23302581
23305656
23318795
23330550
23335113
23341129
2335200
23386262
23390208
23402333
23439638
23442208
23458448
23459479
23459483
23459485
23459488
2345949
23467601
23469330
23478954
23478957
23529729
23536409
23541689
23544121
23554204
23557929
23558148
23579192
23587779
23587946
2358795
23587957
23587960
23595824
23612200
23643392
23643553
23648253
23658259
23716045
23716048
23719027
23722448
23723398
23731823
23734212
23752509
23752511
23752512
23794602
23796922
23800600
23800906
23812239
23825726
23836170
23836174
23836186
23838947
23844849
23877677
23877692
23882264
23887866
23892737
23926164
23934739
23934740
23950962
23952362
23954421
23959310
23977354
23982021
23982345
23997018
2399702
2401410
24027220
24038696
24040123
24041889
24048528
24055254
24088849
24093472
24096023
24139885
24152716
24159468
24165184
24176550
2418587
24205114
24211774
24247131
24247140
24247145
24267783
24270152
24277043
24277045
24288029
24302651
24336371
24336426
24342631
24343896
24349887
24356301
24359724
24362420
24366733
24379302
2438417
24393536
24395222
24398232
24402501
24408987
24412662
24426128
24428980
24475919
24482682
24492367
24499167
24500191
24564530
24566181
24569631
24589574
2459875
24603963
24606061
24607424
24622099
24625868
24629772
24684968
2468497
24687494
24701189
24709044
24709259
24733466
24777102
24777897
24777903
24777906
24778229
2480986
24809861
24820081
24837376
24841262
2484587
24867982
24890588
24913967
24914122
24916079
24920651
24949015
24951800
24960027
24994873
24999233
25022578
25022583
25042042
25063046
25083861
25092693
25092709
25092711
25150146
2515104
25153194
2515793
25161650
25182487
25182649
25193085
2521627
25241690
25264127
25267671
25312010
25315365
25320427
25334088
25360633
2536679
2536680
25367903
25372683
2538329
25384670
25385106
25385117
25414200
25428154
25441705
25443891
25444130
25450797
25460195
2548439
25487793
2549372
25501887
2550326
2550327
25505462
2550983
25512409
2552900
25541711
25545311
25547359
25576529
25583719
2558614
25596032
25616788
25634143
25634992
25635013
25643999
25645836
2568574
2569164
25691645
25691646
2569165
25733503
25733511
25737290
25759034
2576094
25763199
25765542
25766005
25769785
25769786
25779568
25779586
25801555
25814612
25835992
25853427
25870062
25870070
25888770
25931589
25953190
25957381
25977397
25999942
2602991
2603372
26038408
26048440
26055384
26075080
26083489
26097034
26100712
26107936
26125919
26126492
26149991
26169399
26169409
26219215
26227599
26229982
26230489
2624836
26248364
26248384
26257915
2628334
26315325
26322883
26324269
26349828
26357666
26363557
26377866
2637787
26383084
26392482
26392485
2639249
2640906
26409063
26410172
26416779
26416862
26438499
26482314
26488485
26511485
2653124
26531240
2653216
2653965
26546762
26551395
26552976
26603172
26604259
26611758
2662140
26638216
26645270
26650381
2665644
26666948
2667426
26683630
26702919
26719440
26729493
26729505
26745529
2674553
26776144
26777914
26778615
26793179
26799070
26824353
26824943
26824956
2684007
26896789
26903276
2692515
26926646
26931384
2694951
2694955
26950323
26953332
26999202
27006457
27067316
27073268
27139485
27144405
2716164
2716831
27175500
2719171
27191712
27242772
27247231
27261267
27381389
27401575
27416987
27430533
27431213
27436389
27446040
27494920
27494928
27499434
27503648
27548264
27559761
27565618
275724
27572404
27572443
27577999
27600049
27620866
27630841
27638945
27650185
27656166
27672380
27690121
27736752
27747296
27786586
2779539
27799202
27799208
2779921
27821452
2783689
27842877
27855066
2786828
2788410
2791598
27929110
27965516
27998823
27999567
28031201
28039271
28065891
28072422
28082950
28106761
28115347
28152054
28186558
28193666
2820936
2821509
28223374
28223379
2822666
2823223
2823258
28242668
28242670
28242671
2824444
28248218
2826403
28264851
28264855
28272476
28273168
28276133
2832378
2832861
28330888
2833561
28336429
2836268
28392440
28400528
2840679
2841293
2841303
28433744
28438941
2844130
2844262
28443249
2845583
2846986
28483954
2848443
28497118
28507116
2851496
28533247
28605515
28630206
28636609
28637339
28655818
2865832
28663118
2866577
28674059
28678874
28717172
28739787
28770820
28797328
28797329
28827656
28830804
28842547
28848017
28859446
28874377
28880913
2888092
28898293
28911188
28925528
28962028
28971868
2901770
29038283
29061750
29061754
29062302
29075330
2909118
29091182
29091223
29091227
29101229
29118748
29127051
29133559
2913356
2914849
29149337
29203482
29237785
29246178
29250039
2925929
29259290
29316517
29317655
29326662
29394337
29394397
29437613
29439754
29444245
2950026
29515538
29530852
2954074
29547094
29581118
29581123
2961851
29618511
29635007
29635422
29656053
29681898
29687150
29712655
29712846
2971285
29758020
29760138
29774212
29842976
29855588
2986115
2986186
29866857
2987648
29912417
29914952
29922243
2993795
2993813
29940245
29941651
29944954
29967026
2996983
29970891
29971045
2998943
30023575
3004956
30053008
30053115
3005976
30060114
30061868
300657
3006668
30087172
3010356
3011609
30126962
30126986
3013353
30141088
3014109
3015884
30189050
30202900
3020504
3023281
3023308
3024112
3024754
30247543
30247587
3025178
30268919
3027036
3028938
3031187
30351266
3036668
3037134
30371343
3039305
3039525
30395255
3039526
30397053
30459723
3048245
3050121
30519062
30538682
3054482
3054810
3055178
30561662
30563905
30577544
3066492
30664925
30753572
30788955
30789204
30804676
30817987
30844059
3084450
30863844
30863849
3087285
30875398
30878668
3087948
30914502
3091456
3091582
30917979
30928562
30989199
31022208
31040249
3104084
3106324
31064835
31068437
31088601
31127297
31133751
3118332
3122588
3126705
3127381
31332070
31355848
31383659
3141573
3147771
31477712
3149758
31513705
31527032
31570397
31578249
31593765
31597235
31611352
31633764
31636072
31666316
31685464
31685471
31694895
31725164
31730160
31730615
31733412
3176214
31785341
31794931
31824180
31844016
31849884
31860667
3187374
31932373
31960033
31988095
3199239
31992391
31996443
32011233
32071060
32116151
32117133
32122903
32127452
32130234
32169680
32183280
32197644
32236408
32273020
32273730
32277823
3228438
32284385
3228439
32291839
32293144
32408565
3241623
32430406
3243246
32457107
32513803
32571822
32582088
3260490
3262518
32660986
32660987
3266099
3268379
32706619
32712659
32729059
32764996
32807239
3281497
32816720
32848008
3284801
32908612
32937845
32938927
32963003
32973731
32988825
33020157
33077665
33097713
33106265
33118027
3312022
33133036
3316146
33201995
33250496
33285499
3328786
33287863
33321688
33353175
3336758
33382875
3344217
33443109
33466574
33486327
33495220
33507142
33525722
3356384
33577996
33595757
33649144
33652626
3374198
33741980
33775602
33775814
33799540
33809215
33875431
33877914
33915286
33920372
33924456
33945454
33972237
34013864
34044150
34060900
34060914
34097480
34097486
34097496
34125593
34151961
3415441
34182896
34207702
34227210
34228551
34232074
34248872
34248878
3429069
34329431
34339276
3433928
34339281
34346701
3435122
34370579
34374564
3439572
34427311
344278
34460299
34484166
34545931
34551677
34568905
34576793
34606331
34609499
34643418
3465918
34694881
3482662
34826621
34860151
34865035
34878306
3493003
34930034
34935416
34935448
34964291
34986312
34994196
35019766
35038557
3508042
35086435
351073
35107303
35127562
35137119
3518455
35184552
3520871
35208713
35231657
3523438
35257174
35311521
35311582
35332834
3533626
3536947
35373297
35387982
35416703
3541783
35435729
3543573
35512733
3558828
35618210
35638817
35639003
35639577
3564765
35678576
35704614
35766499
3578677
35786775
35794918
35816554
35862955
35862995
35920875
35943258
35980188
3598023
35980232
36003991
36034705
36036505
36073814
36112395
36129295
36140580
36305334
36374086
36504772
36511701
36626997
3664823
36677420
36735316
3673532
36791107
36796395
36864015
36869066
36883515
3691874
36918743
36935372
36964710
36995982
37038995
37047008
37125917
37141282
37195180
37255469
3725547
37287125
37345941
37347171
37352110
3735841
37394537
37417762
37513808
37537271
37610183
37695298
377324
37808287
3782366
37823665
3782367
37877547
37961251
38031909
38052687
3805269
381975
38197500
3838980
3876328
3876949
3886627
3889831
3890725
3892230
3899861
3900035
390403
3925874
3934045
3937729
4043733
410783
532633
6090428
6163765
6270337
6271735
6285339
6295884
6298728
6308574
6310527
6310563
6313476
6314265
6315534
6318050
6319234
6330677
6406429
6416161
6429477
6657777
6783733
6938954
6950931
7010184
7022127
7486920
7486927
7486940
7492106
7514148
7517394
7565113
7574532
7574536
7588620
7590165
7590303
7591145
7592948
7640311
7706167
7726509
7773395
7785990
7785992
7789803
7793874
7810994
7811022
7811034
7811049
7814497
7830580
7840592
7867952
7867956
7890700
7916585
793818
7944364
7985999
8001769
8052644
8056285
8065266
8067735
8067736
8067742
8067761
8067768
8092823
8092824
8093174
8109922
8109938
8112596
8117265
8127669
8141562
8141584
8163173
8170402
8171126
8195081
8215276
8239603
8239625
8257123
8257126
8257129
8257133
8271973
8285623
8326867
8335373
8344533
8359918
8366021
8370538
8380148
8382826
8383113
8384294
8384814
8385262
8392306
8393071
8407825
8473865
8486289
8494365
8517690
8524852
8534971
8535513
8537283
8540692
8540700
8540711
8540730
8559800
8577249
8585729
85862590
8586268
8595862
8619581
8619599
8631706
8645309
8674992
8698489
8723476
878791
8787910
8787920
8825372
8834898
8834907
8834912
8834913
8843306
8849244
8849261
8851581
8851598
8878585
8878614
8891143
8891148
8900063
8913454
8954883
8971709
8973363
8980760
8980765
8980775
8980786
9003412
9009305
9010136
9021185
9021194
9055984
9055993
9056008
9066104
9066107
9068648
9079937
9084170
9087490
9098052
9124862
9145849
9145882
9145897
9159528
9169203
9174205
9177243
9200223
9215582
9226278
9231418
9234759
9245803
9303413
9333046
9333056
9338493
9349809
9371336
9371347
9371349
9372426
9417051
9420045
9420053
9427556
9440511
9449269
9449282
9517925
9527769
9527802
952781
9527810
9559791
9579076
9593127
9593155
9593158
9593162
9620445
9624494
9624504
9627953
9631545
9634230
9659689
9661002
9661007
9661023
9687386
9687391
9687393
9687406
9687410
9687418
9721269
9736537
9736562
9742700
9742701
9756755
9756764
9756773
9770448
9791136
9809423
9818739
983549
9835490
98355
9835500
9838156
9867793
9868767
9882678
9925522
9925524
9925535
9988045
9989337
Unpublished
