98355
108177
127609
275724
300657
344278
351073
381975
532633
793818
878791
952781
983549
1048253
1063935
1081773
1157715
1173537
1185024
1212191
1238435
1238438
1265429
1265473
1269394
1270568
1328814
1330820
1406276
1451064
1490918
1495394
1508047
1569089
1612706
1662753
1662755
1664906
1676919
1680143
1680145
1728454
1730292
1737687
1804759
1809836
1839104
1850092
1861992
1905805
1916415
2048245
2080539
2083358
2110657
2135985
2163525
2167474
2184088
2210622
2215583
2233091
2233255
2290816
2301472
2311476
2335200
2345949
2358795
2399702
2418587
2459875
2480986
2515104
2521627
2568574
2576094
2602991
2603372
2624836
2637787
2639249
2640906
2653124
2662140
2667426
2674553
2716164
2719171
2779921
2786828
2791598
2823223
2845583
2846986
2865832
2888092
2909118
2925929
2950026
2954074
2971285
3013353
3014109
3023308
3024754
3037134
3039525
3039526
3055178
3104084
3122588
3176214
3187374
3199239
3228438
3228439
3243246
3262518
3268379
3284801
3316146
3328786
3336758
3344217
3415441
3429069
3433928
3439572
3465918
3482662
3508042
3518455
3520871
3533626
3536947
3558828
3564765
3598023
3673532
3691874
3725547
3735841
3805269
3876328
3876949
7565113
7590165
7706167
7830580
8001769
8056285
8065266
8170402
8326867
8534971
8537283
8577249
8586268
8595862
8674992
8900063
8971709
9066104
9066107
9215582
9231418
9338493
9372426
9620445
9627953
9631545
9742700
9742701
9809423
9818739
9867793
9868767
9988045
9989337
10077836
10220896
10339826
10339831
10361706
10441119
10474188
10479146
10590273
10689171
10799008
10913704
10990262
11023445
11062187
11102404
11157909
11179643
11179650
11184231
11207718
11266422
11269234
11310803
11398110
11470367
11679551
11679562
11679669
11807680
11815567
11815584
11864963
11864966
11972706
12002644
12007800
12019142
12039894
12067380
12127496
12205055
12356787
12384395
12393197
12407124
12493783
12493797
12493806
12493817
12523622
12523629
12529019
12534469
12562690
12615874
12615876
12654733
12654734
12697645
12716781
12746371
12775683
12820795
12837741
12888597
12951335
12969288
14510643
14613945
14985634
15019728
15078520
15095209
15117923
15135524
15190017
15201232
15231768
15231771
15251195
15272191
15282231
15282240
15308604
15383166
15451111
15471995
15472005
15563518
15616342
15625322
15650379
15673721
15722395
15728946
15731199
15731203
15736704
15743901
15761062
15761066
15761075
15772146
15837373
15837385
15849260
15857942
15910229
15914491
15941775
15980410
15984838
16020539
16042375
16046466
16082008
16162665
16201926
16244084
16258246
16291869
16333139
16338949
16339607
16445758
16451182
16476725
16510850
16531430
16553723
16553832
16553870
16565156
16565159
16584308
16630258
16670108
16723604
16723605
16735436
16785225
16804843
16816399
16816400
16940137
16948925
16958846
16980697
16980698
17000737
17005845
17037256
17060340
17110393
17224413
17233727
17284537
17284538
17288792
17293368
17298366
17302923
17329268
17342058
17403709
17419185
17536925
17559406
17561500
17567049
17650961
17804424
17827139
17881631
17881870
17890420
17913715
17913717
18025117
18029415
18031331
18065410
18086833
18195064
18227084
18245789
18292096
18341294
18362195
18413319
18426894
18476779
18487232
18500921
18544599
18550679
18603686
18614524
18653970
18765689
18772941
18812424
18819973
18843996
18952616
18957398
18971216
18984647
19008256
19015330
19049645
19055690
19056747
19095681
19121669
19131424
19146537
19172061
19201742
19216682
19223304
19243438
19270313
19297379
19388830
19414570
19459951
19459958
19538087
19567349
19663916
19687235
19704128
19719593
19728777
19785534
19933042
20008045
20236427
20305272
20382725
20387903
20421403
20421404
20511367
20511369
20519356
20566419
20573661
20667885
20735174
20876620
20954009
20961909
21034262
21117966
21183688
21235404
21388298
21392044
21393132
21393175
21406433
21427107
21539624
21627486
21665906
21707466
21812718
21830908
21859815
21862476
21930573
21996946
22001175
22096043
22143810
22146011
22247491
22268495
22303981
22452315
22486636
22526300
22537112
22718530
22731858
22736746
22809702
22842601
22843833
22845331
22845886
22850691
22850693
22871227
22888274
22899804
22972816
23034714
23071100
23090395
23114767
23221628
23302581
23330550
23335113
23341129
23386262
23390208
23442208
23557929
23587779
23595824
23648253
23794602
23800906
23812239
23838947
23844849
23887866
23934739
23934740
23952362
23982021
23997018
24027220
24041889
24093472
24165184
24247140
24267783
24288029
24343896
24356301
24379302
24402501
24408987
24475919
24500191
24569631
24589574
24603963
24606061
24709259
24777897
24777903
24777906
24841262
24867982
24920651
24994873
25150146
25193085
25241690
25315365
25334088
25372683
25414200
25441705
25512409
25545311
25547359
25576529
25634992
25759034
25765542
25835992
25977397
26125919
26126492
26377866
26392485
26410172
26683630
26702919
26777914
26903276
26953332
27073268
27175500
27494920
27559761
27650185
27786586
28039271
28065891
28186558
28276133
28605515
28637339
28859446
28911188
28962028
29091182
29091223
29149337
29203482
29237785
29394337
29394397
29444245
29635422
29912417
30053008
30060114
30189050
30247543
30247587
30561662
30753572
30788955
30789204
30844059
30863844
30863849
30989199
31040249
31127297
31355848
31633764
31685471
31725164
31730160
31960033
32277823
32291839
32293144
32706619
32712659
33118027
33201995
33382875
33877914
34097480
34227210
34329431
34339276
34427311
34545931
34568905
34609499
34865035
34994196
35137119
35257174
35373297
35512733
35639577
35704614
35786775
35920875
36112395
36864015
36918743
36964710
36995982
37141282
37352110
38197500
